restart -force
view wave

add wave row
add wave hc
add wave vc
add wave column
add wave address

force row 1100110011 0, 0000000000 50
force column 1100110011 0, 0000000000 50
force hc 0 0ps, 00000001 10ps, 00000010 20, 00000011 30, 00000100 40, 00000101 50, 00000110 60, 00000111 70, 00001000 80, 00001001 90, 00001000 100, 00000111 110, 00000110 120, 00000101 130, 00000100 140, 00000011 150, 00000010 160, 00000001 170, 0 180 -r 190
force vc 0 0ps, 00000001 10ps, 00000010 20, 00000011 30, 00000100 40, 00000101 50, 00000110 60, 00000111 70, 00001000 80, 00001001 90, 00001000 100, 00000111 110, 00000110 120, 00000101 130, 00000100 140, 00000011 150, 00000010 160, 00000001 170, 0 180 -r 190

run 800ps
